custom input (first input edited)
1 1 0 1 0 1 0 0 1 0 0 1 0 1 0 0 1 0 1 0 1 0 1 0 0 1 0 1 0 0 1 0
1 0 1 0 0 1 0 0 1 0 0 1 0 1 0 1 0 0 1 0 1 0 1 0 0 1 0 1 0 1 0 1
0 1 0 0 1 0 1 0 0 1 0 0 1 0 1 0 0 1 0 1 0 1 0 0 1 0 1 0 0 1 0 1
0 1 0 1 0 0 1 0 1 0 1 0 0 1 0 1 0 0 1 0 0 1 0 1 0 1 1 1 1 1 1 1 

0.9 0.9 0.88 0.82 0.80 0.22 0.77 0.27 0.20 0.78
0.21 0.18 0.80 0.20 0.82 0.17 0.77 0.2 0.17 0.7
0.15 0.68 0.13 0.66 0.11 0.12 0.61 0.12 0.62 0.14


0 1 0 1 0 0 1 0 0 1 0 1 0 0 1 0 1 0 0 1 0 1 0 1 0 1 0 0 1 0 0 1 0 1 0 1 0 1 0 1 0 0 1 0 1 0 1 0 1 0 0 1 0 1 0 1 0 0 1 0 0 1 0 0 1 0 1 0 1 0 0 1 0 1 0 1 0 0 1 0 1 0 1 0 0 1 0 1 0 1 0 1 0 0 1 0 0 1 0 1 0 0 1 0 1 0 1 0 1 0 1 0 0 
1 0 0 1 0 0 1

1 1 0 1 0 1 0 0 1 0 0 1 0 1 0 0 1 0 1 0 1 0 1 0 0 1 0 1 0 0 1 0
1 0 1 0 0 1 0 0 1 0 0 1 0 1 0 1 0 0 1 0 1 0 1 0 0 1 0 1 0 1 0 1
0 1 0 0 1 0 1 0 0 1 0 0 1 0 1 0 0 1 0 1 0 1 0 0 1 0 1 0 0 1 0 1
0 1 0 1 0 0 1 0 1 0 1 0 0 1 0 1 0 1 0 0 1 0 0 1 0 1 1 1 1 1 1 1
